56
47
8
93
9
24
98
26
52
97
6
15
20
67
75
22
19
5
46
4
25
14
14
83
57
27
12
26
82
65
18
68
66
89
50
92
50
67
77
45
25
80
99
3
96
56
17
98
43
43
22
40
14
78
45
39
60
52
94
15
21
57
58
53
62
6
10
90
74
33
76
87
22
34
71
86
25
85
67
99
78
1
93
31
2
72
65
46
96
21
35
92
16
17
24
17
75
71
43
85
65
42
51
21
5
8
50
84
25
64
30
70
65
59
96
53
79
46
66
77
62
85
40
44
69
53
58
76
100
51
66
52
96
8
6
100
54
10
58
18
9
32
43
46
80
93
41
73
32
44
10
15
58
20
5
53
19
39
4
8
99
93
26
43
15
78
43
27
36
33
30
18
18
53
40
67
31
71
46
76
83
94
16
54
86
4
91
4
71
40
48
22
97
22
93
21
93
85
54
35
31
21
88
80
72
3
74
36
34
43
68
44
90
81
71
30
57
28
71
46
69
52
1
91
21
16
92
85
64
90
25
24
26
94
100
95
49
30
99
45
8
5
37
85
73
52
28
54
34
45
96
75
27
51
86
10
77
76
55
79
67
7
92
50
30
21
18
85
41
9
46
67
96
96
94
72
33
9
83
1
60
43
30
60
29
29
55
9
88
36
31
97
61
62
18
6
95
60
69
75
34
93
75
83
97
96
42
86
78
62
17
42
16
48
46
69
1
82
20
3
13
15
38
88
15
76
78
46
71
51
15
74
97
36
66
94
57
98
60
94
65
86
18
65
66
52
74
60
6
59
42
41
16
43
95
26
50
73
74
53
58
8
63
22
76
65
36
60
69
53
95
100
97
94
32
42
75
87
6
94
3
27
49
13
14
88
35
59
29
19
28
35
11
80
81
79
63
86
85
82
32
35
64
81
74
100
4
50
12
18
81
44
32
6
93
64
86
96
12
25
20
81
38
80
90
5
34
68
71
39
65
38
56
94
69
64
87
45
17
49
9
77
59
71
68
49
93
99
43
2
84
57
15
49
20
93
38
83
2
29
42
9
88
71
66
18
58
66
27
69
58
51
42
24
81
98
56
82
76
75
55
4
73
50
96
96
37
43
82
77
32
16
31
26
45
15
64
18
12
34
74
8
88
8
89
54
32
57
16
40
70
38
35
52
97
93
16
6
75
43
24
83
47
10
92
50
11
99
67
23
38
46
24
37
84
75
32
67
2
52
88
93
71
33
9
9
76
76
81
25
100
5
32
17
45
73
79
51
33
23
67
67
39
93
25
71
92
41
72
12
80
87
67
3
95
83
37
30
40
39
22
28
98
58
81
43
58
35
8
33
76
32
71
57
79
68
76
17
62
34
45
73
72
23
36
18
97
40
51
53
53
83
68
66
74
67
34
24
13
56
90
94
55
94
75
2
70
23
16
82
12
77
45
39
85
45
55
45
54
45
12
64
100
47
61
14
73
74
43
11
44
51
94
94
61
16
58
18
30
38
10
94
46
36
58
75
66
71
92
96
28
66
58
97
83
5
98
38
64
80
44
24
6
48
52
87
2
26
62
38
95
100
59
15
78
10
94
41
32
42
35
45
86
97
51
49
49
4
4
20
50
79
90
10
26
90
81
60
83
4
6
64
38
71
96
6
45
8
64
67
31
35
13
89
51
70
6
71
28
69
48
33
7
68
20
44
18
54
100
59
4
87
94
30
81
97
48
63
26
26
55
19
32
50
66
98
57
77
40
85
80
50
37
68
89
82
32
53
34
55
54
100
38
19
21
39
49
91
32
74
71
7
88
87
43
62
91
90
83
31
81
26
58
93
18
74
50
76
90
31
87
10
94
62
10
28
20
37
93
37
43
3
36
13
70
50
91
21
74
67
99
72
93
63
53
21
48
85
36
95
4
59
70
56
40
76
45
26
49
46
69
9
95
11
26
45
63
63
98
95
61
64
28
39
47
79
45
66
28
85
37
80
60
57
78
67
40
86
85
43
11
52
74
14
95
84
94
62
19
1
4
83
53
23
22
73
51
81
91
42
73
86
96
64
57
74
51
26
55
5
86
58
95
68
31
93
43
81
92
96
38
74
39
22
51
84
71
7
88
29
8
41
24
47
97
66
86
8
89
42
92
44
16
100
33
14
23
35
62
63
79
32
85
10
48
52
48
76
97
58
68
99
50
80
75
77
58
44
1
53
84
34
22
1
20
86
81
25
96
86
12
23
6
81
77
49
51
56
69
64
81
2
69
42
91
67
43
95
76
78
